0, 1520530775.392770051, 1520530775.393073081
0, 1520530775.392874956, 1520530775.393292903
0, 1520530775.393107891, 1520530775.393399953
0, 1520530775.393270969, 1520530775.393449068
0, 1520530775.393421888, 1520530775.393601894
0, 1520530775.393558979, 1520530775.393738985
0, 1520530775.393717050, 1520530775.393887042
0, 1520530775.393829107, 1520530775.394057035
0, 1520530775.393969058, 1520530775.394237995
0, 1520530775.394107103, 1520530775.394356966
0, 1520530775.394232034, 1520530775.394481897
1, 1520530775.394354104, 1520530775.394571065
1, 1520530775.394469022, 1520530775.394623994
1, 1520530775.394570112, 1520530775.394757986
1, 1520530775.394712924, 1520530775.394963979
1, 1520530775.394850015, 1520530775.395014047
1, 1520530775.394977092, 1520530775.395186901
1, 1520530775.395059108, 1520530775.395248889
1, 1520530775.395160913, 1520530775.395364999
1, 1520530775.395318031, 1520530775.395526885
1, 1520530775.395492076, 1520530775.395663022
1, 1520530775.395617961, 1520530775.395797014
2, 1520530775.395768880, 1520530775.395956039
2, 1520530775.395905017, 1520530775.396125078
2, 1520530775.396013975, 1520530775.396195888
2, 1520530775.396183013, 1520530775.396339893
2, 1520530775.396315097, 1520530775.396559000
2, 1520530775.396423101, 1520530775.396634101
2, 1520530775.396565914, 1520530775.396727085
2, 1520530775.396672964, 1520530775.396859884
2, 1520530775.396768093, 1520530775.396920919
2, 1520530775.396866083, 1520530775.397047996
2, 1520530775.396944999, 1520530775.397109985
3, 1520530775.397072076, 1520530775.397253990
3, 1520530775.397208929, 1520530775.397420883
3, 1520530775.397311925, 1520530775.397480964
3, 1520530775.397450923, 1520530775.397617101
3, 1520530775.397571086, 1520530775.397711038
3, 1520530775.397664070, 1520530775.397815942
3, 1520530775.397783041, 1520530775.397913932
3, 1520530775.398015022, 1520530775.398327112
3, 1520530775.398287057, 1520530775.398519992
3, 1520530775.398401021, 1520530775.398623943
3, 1520530775.398546934, 1520530775.398787021
4, 1520530775.398658990, 1520530775.398827075
4, 1520530775.398803949, 1520530775.399065971
4, 1520530775.398910045, 1520530775.399123907
4, 1520530775.399049997, 1520530775.399297952
4, 1520530775.399117946, 1520530775.399363040
4, 1520530775.399223089, 1520530775.399468898
4, 1520530775.399303913, 1520530775.399569988
4, 1520530775.399442911, 1520530775.399635076
4, 1520530775.399560928, 1520530775.399818897
4, 1520530775.399667978, 1520530775.399857997
4, 1520530775.399743080, 1520530775.400019884
5, 1520530775.399883031, 1520530775.400099039
5, 1520530775.400017976, 1520530775.400161981
5, 1520530775.400165081, 1520530775.400335073
5, 1520530775.400227069, 1520530775.400389909
5, 1520530775.400351047, 1520530775.400491952
5, 1520530775.400440931, 1520530775.400641918
5, 1520530775.400549888, 1520530775.400770902
5, 1520530775.400650024, 1520530775.400839090
5, 1520530775.400744915, 1520530775.400899887
5, 1520530775.400831937, 1520530775.401004076
5, 1520530775.400923013, 1520530775.401086091
6, 1520530775.401046037, 1520530775.401230096
6, 1520530775.401125907, 1520530775.401283025
6, 1520530775.401213884, 1520530775.401429891
6, 1520530775.401303052, 1520530775.401483058
6, 1520530775.401400089, 1520530775.401559114
6, 1520530775.401514053, 1520530775.401772022
6, 1520530775.401603937, 1520530775.401844024
6, 1520530775.401684999, 1520530775.401904106
6, 1520530775.401793003, 1520530775.401967048
6, 1520530775.401881933, 1520530775.402029991
6, 1520530775.401988029, 1520530775.402146100
7, 1520530775.402065038, 1520530775.402261972
7, 1520530775.402170896, 1520530775.402348041
7, 1520530775.402285099, 1520530775.402447938
7, 1520530775.402363061, 1520530775.402534961
7, 1520530775.402489900, 1520530775.402609109
7, 1520530775.402568101, 1520530775.402786970
7, 1520530775.402662038, 1520530775.402838945
7, 1520530775.402772903, 1520530775.402920007
7, 1520530775.402875900, 1520530775.403098106
7, 1520530775.402968883, 1520530775.403161048
7, 1520530775.403059959, 1520530775.403218984
8, 1520530775.403177022, 1520530775.403366088
8, 1520530775.403285026, 1520530775.403419971
8, 1520530775.403397083, 1520530775.403604984
8, 1520530775.403482913, 1520530775.403669118
8, 1520530775.403584003, 1520530775.403712987
8, 1520530775.403676986, 1520530775.403826951
8, 1520530775.403799057, 1520530775.403907060
8, 1520530775.403865098, 1520530775.403971910
8, 1520530775.403980016, 1520530775.404073953
8, 1520530775.404048919, 1520530775.404172897
8, 1520530775.404135942, 1520530775.404249906
9, 1520530775.404217004, 1520530775.404361963
9, 1520530775.404326915, 1520530775.404561042
9, 1520530775.404443979, 1520530775.404627084
9, 1520530775.404541969, 1520530775.404720067
9, 1520530775.404633998, 1520530775.404787063
9, 1520530775.404757976, 1520530775.404870986
9, 1520530775.404846906, 1520530775.404944896
9, 1520530775.404927015, 1520530775.405050992
9, 1520530775.405016899, 1520530775.405113935
9, 1520530775.405112981, 1520530775.405227899
9, 1520530775.405210971, 1520530775.405316114
10, 1520530775.405308961, 1520530775.405436038
10, 1520530775.405426979, 1520530775.405541896
10, 1520530775.405534029, 1520530775.405646085
10, 1520530775.405622959, 1520530775.405759096
10, 1520530775.405735015, 1520530775.405821084
10, 1520530775.405798912, 1520530775.405934095
10, 1520530775.405908107, 1520530775.406038045
10, 1520530775.406017065, 1520530775.406148910
10, 1520530775.406131029, 1520530775.406224012
10, 1520530775.406218051, 1520530775.406328916
10, 1520530775.406333923, 1520530775.406431913
11, 1520530775.406419038, 1520530775.406544923
11, 1520530775.406508922, 1520530775.406621932
11, 1520530775.406583070, 1520530775.406682014
11, 1520530775.406670093, 1520530775.406805992
11, 1520530775.406773090, 1520530775.406867027
11, 1520530775.406881093, 1520530775.406982898
11, 1520530775.406965970, 1520530775.407094001
11, 1520530775.407084941, 1520530775.407200098
11, 1520530775.407185077, 1520530775.407291889
11, 1520530775.407278060, 1520530775.407392024
11, 1520530775.407383918, 1520530775.407501935
12, 1520530775.407473087, 1520530775.407608032
12, 1520530775.407584905, 1520530775.407708883
12, 1520530775.407674074, 1520530775.407769918
12, 1520530775.407782077, 1520530775.407891988
12, 1520530775.407865047, 1520530775.407973051
12, 1520530775.407958984, 1520530775.408061981
12, 1520530775.408046960, 1520530775.408164024
12, 1520530775.408135890, 1520530775.408226966
12, 1520530775.408217906, 1520530775.408329963
12, 1520530775.408325910, 1520530775.408457994
12, 1520530775.408438920, 1520530775.408556938
13, 1520530775.408555030, 1520530775.408651113
13, 1520530775.408632993, 1520530775.408741950
13, 1520530775.408752918, 1520530775.408849954
13, 1520530775.408821105, 1520530775.408926010
13, 1520530775.408921003, 1520530775.409020900
13, 1520530775.408983945, 1520530775.409116983
13, 1520530775.409080982, 1520530775.409169912
13, 1520530775.409163951, 1520530775.409264087
13, 1520530775.409267902, 1520530775.409373998
13, 1520530775.409346103, 1520530775.409462928
13, 1520530775.409440994, 1520530775.409560918
14, 1520530775.409524917, 1520530775.409647941
14, 1520530775.409614086, 1520530775.409710884
14, 1520530775.409718990, 1520530775.409847974
14, 1520530775.409825086, 1520530775.410016059
14, 1520530775.409898996, 1520530775.410079956
14, 1520530775.409981966, 1520530775.410141944
14, 1520530775.410085916, 1520530775.410191059
14, 1520530775.410164117, 1520530775.410271883
14, 1520530775.410258054, 1520530775.410367012
14, 1520530775.410346984, 1520530775.410448074
14, 1520530775.410451889, 1520530775.410554885
15, 1520530775.410536050, 1520530775.410680055
15, 1520530775.410657882, 1520530775.410753965
15, 1520530775.410742998, 1520530775.410847902
15, 1520530775.410835981, 1520530775.410940885
15, 1520530775.410923004, 1520530775.411026954
15, 1520530775.411015987, 1520530775.411137104
15, 1520530775.411123037, 1520530775.411258935
15, 1520530775.411254882, 1520530775.411350011
15, 1520530775.411336898, 1520530775.411461114
15, 1520530775.411443948, 1520530775.411554098
15, 1520530775.411533117, 1520530775.411731958
16, 1520530775.411629915, 1520530775.411736965
16, 1520530775.411699056, 1520530775.411885023
16, 1520530775.411768913, 1520530775.411945104
16, 1520530775.411869049, 1520530775.412055969
16, 1520530775.411941051, 1520530775.412117958
16, 1520530775.412050008, 1520530775.412241935
16, 1520530775.412136077, 1520530775.412297964
16, 1520530775.412225961, 1520530775.412408113
16, 1520530775.412308931, 1520530775.412472009
16, 1520530775.412420034, 1520530775.412648916
16, 1520530775.412519931, 1520530775.412817001
17, 1520530775.412623882, 1520530775.412870883
17, 1520530775.412687063, 1520530775.412934064
17, 1520530775.412796020, 1520530775.412986040
17, 1520530775.412904024, 1520530775.413093090
17, 1520530775.412969112, 1520530775.413165092
17, 1520530775.413072109, 1520530775.413256883
17, 1520530775.413146972, 1520530775.413312911
17, 1520530775.413259983, 1520530775.413439035
17, 1520530775.413355112, 1520530775.413532972
17, 1520530775.413489103, 1520530775.413698911
17, 1520530775.413620948, 1520530775.413779973
18, 1520530775.413742065, 1520530775.413913011
18, 1520530775.413873910, 1520530775.414006948
18, 1520530775.413937091, 1520530775.414118051
18, 1520530775.414082050, 1520530775.414333105
18, 1520530775.414199113, 1520530775.414386987
18, 1520530775.414328098, 1520530775.414554119
18, 1520530775.414437055, 1520530775.414602041
18, 1520530775.414522886, 1520530775.414788961
18, 1520530775.414634943, 1520530775.414876937
18, 1520530775.414747953, 1520530775.414932012
18, 1520530775.414870977, 1520530775.415093898
19, 1520530775.415004968, 1520530775.415235042
19, 1520530775.415137052, 1520530775.415385961
19, 1520530775.415277004, 1520530775.415452003
19, 1520530775.415401935, 1520530775.415664911
19, 1520530775.415508031, 1520530775.415715932
19, 1520530775.415621995, 1520530775.415812015
19, 1520530775.415810108, 1520530775.415991067
19, 1520530775.415900945, 1520530775.416105031
19, 1520530775.415997028, 1520530775.416145086
19, 1520530775.416076898, 1520530775.416265010
19, 1520530775.416241884, 1520530775.416428089
20, 1520530775.416412115, 1520530775.416623115
20, 1520530775.416526079, 1520530775.416714906
20, 1520530775.416603088, 1520530775.416754961
20, 1520530775.416738033, 1520530775.416955947
20, 1520530775.416866064, 1520530775.417094945
20, 1520530775.416996955, 1520530775.417243003
20, 1520530775.417144060, 1520530775.417439937
20, 1520530775.417232990, 1520530775.417511940
20, 1520530775.417351007, 1520530775.417567968
20, 1520530775.417489051, 1520530775.417678117
20, 1520530775.417615890, 1520530775.417814970
21, 1520530775.417793035, 1520530775.417932987
21, 1520530775.417902946, 1520530775.418059110
21, 1520530775.417984008, 1520530775.418215036
21, 1520530775.418124914, 1520530775.418292045
21, 1520530775.418209075, 1520530775.418365001
21, 1520530775.418355941, 1520530775.418564081
21, 1520530775.418488025, 1520530775.418653964
21, 1520530775.418567895, 1520530775.418828010
21, 1520530775.418735980, 1520530775.418936014
21, 1520530775.418817996, 1520530775.418987989
21, 1520530775.418961048, 1520530775.419195890
22, 1520530775.419080972, 1520530775.419302940
22, 1520530775.419194936, 1520530775.419424057
22, 1520530775.419332027, 1520530775.419584035
22, 1520530775.419470071, 1520530775.419662952
22, 1520530775.419576883, 1520530775.419801950
22, 1520530775.419699907, 1520530775.419858932
22, 1520530775.419828891, 1520530775.420003890
22, 1520530775.419984102, 1520530775.420155048
22, 1520530775.420128107, 1520530775.420305013
22, 1520530775.420285940, 1520530775.420475006
22, 1520530775.420439004, 1520530775.420650959
23, 1520530775.420552968, 1520530775.420747041
23, 1520530775.420712947, 1520530775.420892953
23, 1520530775.420830011, 1520530775.421003103
23, 1520530775.420978069, 1520530775.421195983
23, 1520530775.421112060, 1520530775.421288967
23, 1520530775.421262979, 1520530775.421437978
23, 1520530775.421442031, 1520530775.421561002
23, 1520530775.421526908, 1520530775.421704053
23, 1520530775.421642065, 1520530775.421814918
23, 1520530775.421789884, 1520530775.421966075
23, 1520530775.421942949, 1520530775.422153949
24, 1520530775.422060012, 1520530775.422266960
24, 1520530775.422180891, 1520530775.422352075
24, 1520530775.422321081, 1520530775.422533035
24, 1520530775.422437906, 1520530775.422573089
24, 1520530775.422553062, 1520530775.422713041
24, 1520530775.422652006, 1520530775.422842979
24, 1520530775.422770023, 1520530775.422990083
24, 1520530775.422913074, 1520530775.423083066
24, 1520530775.422995090, 1520530775.423156023
24, 1520530775.423121929, 1520530775.423294067
24, 1520530775.423229932, 1520530775.423384904
25, 1520530775.423386096, 1520530775.423537015
25, 1520530775.423472881, 1520530775.423621892
25, 1520530775.423616886, 1520530775.423767089
25, 1520530775.423698902, 1520530775.423849105
25, 1520530775.423774003, 1520530775.423939943
25, 1520530775.423866033, 1520530775.424084901
25, 1520530775.423990964, 1520530775.424154043
25, 1520530775.424084901, 1520530775.424216032
25, 1520530775.424185991, 1520530775.424328088
25, 1520530775.424323081, 1520530775.424454927
25, 1520530775.424417972, 1520530775.424565076
26, 1520530775.424545049, 1520530775.424698114
26, 1520530775.424664020, 1520530775.424844980
26, 1520530775.424774885, 1520530775.424906969
26, 1520530775.424876928, 1520530775.425074100
26, 1520530775.424989938, 1520530775.425162076
26, 1520530775.425124883, 1520530775.425236940
26, 1520530775.425206899, 1520530775.425354003
26, 1520530775.425323009, 1520530775.425479888
26, 1520530775.425450086, 1520530775.425607919
26, 1520530775.425568103, 1520530775.425734996
26, 1520530775.425698041, 1520530775.425834894
27, 1520530775.425818920, 1520530775.425934076
27, 1520530775.425928115, 1520530775.426047086
27, 1520530775.426023960, 1520530775.426156044
27, 1520530775.426129102, 1520530775.426274061
27, 1520530775.426244974, 1520530775.426397085
27, 1520530775.426367998, 1520530775.426561117
27, 1520530775.426476001, 1520530775.426600933
27, 1520530775.426573038, 1520530775.426780939
27, 1520530775.426664113, 1520530775.426831960
27, 1520530775.426795959, 1520530775.426956892
27, 1520530775.426876068, 1520530775.427048921
28, 1520530775.426980018, 1520530775.427112102
28, 1520530775.427079916, 1520530775.427227973
28, 1520530775.427191972, 1520530775.427351951
28, 1520530775.427315950, 1520530775.427467107
28, 1520530775.427437067, 1520530775.427643060
28, 1520530775.427537918, 1520530775.427701950
28, 1520530775.427628993, 1520530775.427791118
28, 1520530775.427767038, 1520530775.427913904
28, 1520530775.427875995, 1520530775.428031921
28, 1520530775.427994012, 1520530775.428165912
28, 1520530775.428109884, 1520530775.428329944
29, 1520530775.428241014, 1520530775.428411006
29, 1520530775.428366899, 1520530775.428581953
29, 1520530775.428492069, 1520530775.428639888
29, 1520530775.428631067, 1520530775.428819894
29, 1520530775.428721904, 1520530775.428878068
29, 1520530775.428860902, 1520530775.429044961
29, 1520530775.428955078, 1520530775.429102897
29, 1520530775.429075956, 1520530775.429291963
29, 1520530775.429195880, 1520530775.429465055
29, 1520530775.429276943, 1520530775.429527997
29, 1520530775.429373025, 1520530775.429570913
30, 1520530775.429483890, 1520530775.429610967
30, 1520530775.429582118, 1520530775.429799079
30, 1520530775.429717063, 1520530775.429941892
30, 1520530775.429790019, 1520530775.430075883
30, 1520530775.429912090, 1520530775.430134057
30, 1520530775.430018901, 1520530775.430176973
30, 1520530775.430140018, 1520530775.430293083
30, 1520530775.430188894, 1520530775.430422067
30, 1520530775.430300951, 1520530775.430480003
30, 1520530775.430389881, 1520530775.430687904
30, 1520530775.430494070, 1520530775.430747032
31, 1520530775.430597066, 1520530775.430789947
31, 1520530775.430695056, 1520530775.430877923
31, 1520530775.430810928, 1520530775.431010961
31, 1520530775.430919885, 1520530775.431051015
31, 1520530775.431020021, 1520530775.431302070
31, 1520530775.431128978, 1520530775.431341886
31, 1520530775.431211948, 1520530775.431380033
31, 1520530775.431301116, 1520530775.431483030
31, 1520530775.431446075, 1520530775.431581974
31, 1520530775.431575059, 1520530775.431696891
31, 1520530775.431672096, 1520530775.431828022
32, 1520530775.431796073, 1520530775.432009935
32, 1520530775.431915998, 1520530775.432171106
32, 1520530775.432065963, 1520530775.432219028
32, 1520530775.432184934, 1520530775.432387113
32, 1520530775.432291030, 1520530775.432517051
32, 1520530775.432429075, 1520530775.432609081
32, 1520530775.432538986, 1520530775.432679891
32, 1520530775.432636022, 1520530775.432885885
32, 1520530775.432737112, 1520530775.433010101
32, 1520530775.432873010, 1520530775.433104038
32, 1520530775.432957887, 1520530775.433228015
33, 1520530775.433065891, 1520530775.433274984
33, 1520530775.433130979, 1520530775.433377981
33, 1520530775.433310031, 1520530775.433482885
33, 1520530775.433460950, 1520530775.433628082
33, 1520530775.433593034, 1520530775.433845043
33, 1520530775.433737993, 1520530775.433917045
33, 1520530775.433881998, 1520530775.434056997
33, 1520530775.433994054, 1520530775.434185028
33, 1520530775.434161901, 1520530775.434317111
33, 1520530775.434299945, 1520530775.434454917
33, 1520530775.434417963, 1520530775.434595108
34, 1520530775.434603929, 1520530775.434772968
34, 1520530775.434675931, 1520530775.434833049
34, 1520530775.434801101, 1520530775.435003042
34, 1520530775.434926033, 1520530775.435147047
34, 1520530775.435058116, 1520530775.435288906
34, 1520530775.435187101, 1520530775.435421943
34, 1520530775.435297966, 1520530775.435520887
34, 1520530775.435426950, 1520530775.435604095
34, 1520530775.435569047, 1520530775.435760021
34, 1520530775.435672044, 1520530775.435847997
34, 1520530775.435842037, 1520530775.435971021
35, 1520530775.435950994, 1520530775.436113119
35, 1520530775.436080932, 1520530775.436224937
35, 1520530775.436188936, 1520530775.436323881
35, 1520530775.436299085, 1520530775.436460018
35, 1520530775.436378002, 1520530775.436513900
35, 1520530775.436479091, 1520530775.436741113
35, 1520530775.436583042, 1520530775.436780929
35, 1520530775.436655998, 1520530775.436829090
35, 1520530775.436755895, 1520530775.437001943
35, 1520530775.436877965, 1520530775.437092065
35, 1520530775.436975955, 1520530775.437131881
36, 1520530775.437102079, 1520530775.437206029
36, 1520530775.437175035, 1520530775.437341928
36, 1520530775.437335968, 1520530775.437458992
36, 1520530775.437429904, 1520530775.437625885
36, 1520530775.437541961, 1520530775.437714099
36, 1520530775.437627077, 1520530775.437788963
36, 1520530775.437711954, 1520530775.437922954
36, 1520530775.437833070, 1520530775.438004970
36, 1520530775.437911033, 1520530775.438044071
36, 1520530775.438050031, 1520530775.438158988
36, 1520530775.438131093, 1520530775.438277006
37, 1520530775.438276052, 1520530775.438446044
37, 1520530775.438359975, 1520530775.438484907
37, 1520530775.438469886, 1520530775.438632965
37, 1520530775.438541889, 1520530775.438683986
37, 1520530775.438652038, 1520530775.438864946
37, 1520530775.438759088, 1520530775.438930034
37, 1520530775.438860893, 1520530775.439018011
37, 1520530775.438986063, 1520530775.439157962
37, 1520530775.439093112, 1520530775.439233064
37, 1520530775.439197063, 1520530775.439412117
37, 1520530775.439282894, 1520530775.439450979
38, 1520530775.439413070, 1520530775.439596891
38, 1520530775.439517021, 1520530775.439709901
38, 1520530775.439630031, 1520530775.439783096
38, 1520530775.439753055, 1520530775.439918041
38, 1520530775.439850091, 1520530775.440098047
38, 1520530775.439975976, 1520530775.440145015
38, 1520530775.440061092, 1520530775.440272092
38, 1520530775.440177917, 1520530775.440363883
38, 1520530775.440269947, 1520530775.440406084
38, 1520530775.440363883, 1520530775.440553903
38, 1520530775.440476894, 1520530775.440660953
39, 1520530775.440573930, 1520530775.440762042
39, 1520530775.440682888, 1520530775.440879106
39, 1520530775.440795898, 1520530775.441042900
39, 1520530775.440900087, 1520530775.441082000
39, 1520530775.440972089, 1520530775.441186904
39, 1520530775.441107034, 1520530775.441304922
39, 1520530775.441225051, 1520530775.441344022
39, 1520530775.441312074, 1520530775.441509962
39, 1520530775.441425085, 1520530775.441663980
39, 1520530775.441541910, 1520530775.441742897
39, 1520530775.441627025, 1520530775.441817045
40, 1520530775.441757917, 1520530775.441915035
40, 1520530775.441869974, 1520530775.442070960
40, 1520530775.441958904, 1520530775.442176103
40, 1520530775.442135095, 1520530775.442289113
40, 1520530775.442254066, 1520530775.442452907
40, 1520530775.442343950, 1520530775.442570924
40, 1520530775.442467927, 1520530775.442692041
40, 1520530775.442583084, 1520530775.442831993
40, 1520530775.442712068, 1520530775.442894935
40, 1520530775.442823886, 1520530775.443041086
40, 1520530775.442929029, 1520530775.443149089
41, 1520530775.443044900, 1520530775.443278074
41, 1520530775.443139076, 1520530775.443322896
41, 1520530775.443278074, 1520530775.443470954
41, 1520530775.443370103, 1520530775.443532943
41, 1520530775.443463087, 1520530775.443648099
41, 1520530775.443557977, 1520530775.443773984
41, 1520530775.443679094, 1520530775.443912982
41, 1520530775.443810939, 1520530775.444037914
41, 1520530775.443895101, 1520530775.444098949
41, 1520530775.443994045, 1520530775.444165945
41, 1520530775.444061994, 1520530775.444233894
42, 1520530775.444194078, 1520530775.444391012
42, 1520530775.444329023, 1520530775.444540023
42, 1520530775.444433927, 1520530775.444618940
42, 1520530775.444586038, 1520530775.444772005
42, 1520530775.444688081, 1520530775.444869995
42, 1520530775.444827079, 1520530775.445019960
42, 1520530775.444915056, 1520530775.445168972
42, 1520530775.445067882, 1520530775.445230007
42, 1520530775.445202112, 1520530775.445386886
42, 1520530775.445280075, 1520530775.445501089
42, 1520530775.445410013, 1520530775.445631027
43, 1520530775.445508003, 1520530775.445777893
43, 1520530775.445650100, 1520530775.445843935
43, 1520530775.445754051, 1520530775.445980072
43, 1520530775.445861101, 1520530775.446083068
43, 1520530775.445997953, 1520530775.446157932
43, 1520530775.446109056, 1520530775.446299076
43, 1520530775.446278095, 1520530775.446428060
43, 1520530775.446335077, 1520530775.446620941
43, 1520530775.446474075, 1520530775.446691036
43, 1520530775.446542024, 1520530775.446758031
43, 1520530775.446674108, 1520530775.446835994
44, 1520530775.446798086, 1520530775.446960926
44, 1520530775.446928024, 1520530775.447146892
44, 1520530775.447026968, 1520530775.447206020
44, 1520530775.447146892, 1520530775.447312116
44, 1520530775.447266101, 1520530775.447457075
44, 1520530775.447355031, 1520530775.447580099
44, 1520530775.447459936, 1520530775.447642087
44, 1520530775.447592020, 1520530775.447809934
44, 1520530775.447706937, 1520530775.447885990
44, 1520530775.447838068, 1520530775.448079109
44, 1520530775.447937965, 1520530775.448195934
45, 1520530775.448101997, 1520530775.448303937
45, 1520530775.448179006, 1520530775.448376893
45, 1520530775.448278903, 1520530775.448503017
45, 1520530775.448434114, 1520530775.448640108
45, 1520530775.448544979, 1520530775.448735952
45, 1520530775.448688983, 1520530775.448913097
45, 1520530775.448806047, 1520530775.448990106
45, 1520530775.448939085, 1520530775.449146986
45, 1520530775.449050903, 1520530775.449250936
45, 1520530775.449209928, 1520530775.449379920
45, 1520530775.449311971, 1520530775.449569940
46, 1520530775.449448108, 1520530775.449646949
46, 1520530775.449551105, 1520530775.449805021
46, 1520530775.449700117, 1520530775.449904918
46, 1520530775.449815034, 1520530775.449981927
46, 1520530775.449950933, 1520530775.450167894
46, 1520530775.450032949, 1520530775.450228929
46, 1520530775.450133085, 1520530775.450304985
46, 1520530775.450227022, 1520530775.450417041
46, 1520530775.450366020, 1520530775.450572013
46, 1520530775.450460910, 1520530775.450658082
46, 1520530775.450558900, 1520530775.450795888
47, 1520530775.450690984, 1520530775.450867891
47, 1520530775.450826883, 1520530775.451004028
47, 1520530775.450912952, 1520530775.451100111
47, 1520530775.451057910, 1520530775.451222896
47, 1520530775.451174974, 1520530775.451349973
47, 1520530775.451256036, 1520530775.451442003
47, 1520530775.451361894, 1520530775.451517105
47, 1520530775.451488971, 1520530775.451705932
47, 1520530775.451598882, 1520530775.451749086
47, 1520530775.451767921, 1520530775.451930999
47, 1520530775.451832056, 1520530775.452019929
48, 1520530775.451941013, 1520530775.452083110
48, 1520530775.452071905, 1520530775.452214956
48, 1520530775.452174901, 1520530775.452325105
48, 1520530775.452328920, 1520530775.452465057
48, 1520530775.452425956, 1520530775.452529907
48, 1520530775.452532052, 1520530775.452718973
48, 1520530775.452605009, 1520530775.452780008
48, 1520530775.452699899, 1520530775.452877044
48, 1520530775.452856063, 1520530775.453037023
48, 1520530775.452946901, 1520530775.453113079
48, 1520530775.453073024, 1520530775.453205108
49, 1520530775.453193902, 1520530775.453346967
49, 1520530775.453347921, 1520530775.453468084
49, 1520530775.453439950, 1520530775.453617095
49, 1520530775.453538894, 1520530775.453682899
49, 1520530775.453692913, 1520530775.453819990
49, 1520530775.453804969, 1520530775.453946113
49, 1520530775.453902006, 1520530775.454055070
49, 1520530775.454010963, 1520530775.454190015
49, 1520530775.454191923, 1520530775.454371929
49, 1520530775.454253911, 1520530775.454437017
49, 1520530775.454334020, 1520530775.454497098
50, 1520530775.454483032, 1520530775.454621076
50, 1520530775.454600095, 1520530775.454752922
50, 1520530775.454706907, 1520530775.454904079
50, 1520530775.454819917, 1520530775.454982042
50, 1520530775.454966068, 1520530775.455115079
50, 1520530775.455121994, 1520530775.455239057
50, 1520530775.455209970, 1520530775.455352067
50, 1520530775.455354928, 1520530775.455524921
50, 1520530775.455430984, 1520530775.455588102
50, 1520530775.455555915, 1520530775.455750942
50, 1520530775.455643892, 1520530775.455816984
51, 1520530775.455817937, 1520530775.455975055
51, 1520530775.455903053, 1520530775.456041097
51, 1520530775.456013917, 1520530775.456159114
51, 1520530775.456135034, 1520530775.456309080
51, 1520530775.456268072, 1520530775.456428050
51, 1520530775.456381082, 1520530775.456518888
51, 1520530775.456521987, 1520530775.456661939
51, 1520530775.456645011, 1520530775.456783056
51, 1520530775.456792116, 1520530775.456906080
51, 1520530775.456878900, 1520530775.457029104
51, 1520530775.456995010, 1520530775.457099914
52, 1520530775.457108974, 1520530775.457252979
52, 1520530775.457263946, 1520530775.457370042
52, 1520530775.457334041, 1520530775.457504987
52, 1520530775.457495927, 1520530775.457636117
52, 1520530775.457626104, 1520530775.457762956
52, 1520530775.457730054, 1520530775.457825899
52, 1520530775.457827091, 1520530775.457978963
52, 1520530775.457916975, 1520530775.458070039
52, 1520530775.458055973, 1520530775.458188056
52, 1520530775.458164930, 1520530775.458303928
52, 1520530775.458302021, 1520530775.458455085
53, 1520530775.458434104, 1520530775.458544969
53, 1520530775.458519935, 1520530775.458664894
53, 1520530775.458641052, 1520530775.458791017
53, 1520530775.458775043, 1520530775.458899974
53, 1520530775.458889961, 1520530775.459002971
53, 1520530775.459022045, 1520530775.459157943
53, 1520530775.459119081, 1520530775.459260940
53, 1520530775.459283113, 1520530775.459398031
53, 1520530775.459372997, 1520530775.459512948
53, 1520530775.459490060, 1520530775.459640026
53, 1520530775.459623098, 1520530775.459753036
54, 1520530775.459768056, 1520530775.459909915
54, 1520530775.459880113, 1520530775.460031032
54, 1520530775.460058927, 1520530775.460212945
54, 1520530775.460107088, 1520530775.460272073
54, 1520530775.460228919, 1520530775.460463047
54, 1520530775.460371017, 1520530775.460520982
54, 1520530775.460459947, 1520530775.460685014
54, 1520530775.460558891, 1520530775.460742950
54, 1520530775.460705041, 1520530775.460922956
54, 1520530775.460793018, 1520530775.460978984
54, 1520530775.460871934, 1520530775.461019992
55, 1520530775.461023092, 1520530775.461155891
55, 1520530775.461102962, 1520530775.461203098
55, 1520530775.461209058, 1520530775.461329936
55, 1520530775.461323022, 1520530775.461502075
55, 1520530775.461410999, 1520530775.461540937
55, 1520530775.461491107, 1520530775.461577892
55, 1520530775.461622953, 1520530775.461730957
55, 1520530775.461743116, 1520530775.461889028
55, 1520530775.461801052, 1520530775.462052106
55, 1520530775.461930036, 1520530775.462105989
55, 1520530775.462065935, 1520530775.462258100
56, 1520530775.462141990, 1520530775.462342023
56, 1520530775.462240934, 1520530775.462480068
56, 1520530775.462354898, 1520530775.462551116
56, 1520530775.462450981, 1520530775.462616920
56, 1520530775.462548971, 1520530775.462747097
56, 1520530775.462672948, 1520530775.462886095
56, 1520530775.462794065, 1520530775.462960958
56, 1520530775.462923049, 1520530775.463109016
56, 1520530775.463010072, 1520530775.463234901
56, 1520530775.463126897, 1520530775.463277101
56, 1520530775.463243961, 1520530775.463428974
57, 1520530775.463325023, 1520530775.463507890
57, 1520530775.463426113, 1520530775.463618040
57, 1520530775.463525056, 1520530775.463691949
57, 1520530775.463604927, 1520530775.463789939
57, 1520530775.463753938, 1520530775.463957071
57, 1520530775.463851928, 1520530775.464003086
57, 1520530775.463974952, 1520530775.464144945
57, 1520530775.464055061, 1520530775.464210033
57, 1520530775.464164018, 1520530775.464322090
57, 1520530775.464292049, 1520530775.464509010
57, 1520530775.464385986, 1520530775.464562892
58, 1520530775.464513063, 1520530775.464662075
58, 1520530775.464634895, 1520530775.464785099
58, 1520530775.464699983, 1520530775.464921951
58, 1520530775.464826107, 1520530775.465017080
58, 1520530775.464946985, 1520530775.465178966
58, 1520530775.465055942, 1520530775.465235948
58, 1520530775.465173006, 1520530775.465359926
58, 1520530775.465260028, 1520530775.465413093
58, 1520530775.465348005, 1520530775.465540885
58, 1520530775.465450048, 1520530775.465629100
58, 1520530775.465604066, 1520530775.465747117
59, 1520530775.465725898, 1520530775.465877056
59, 1520530775.465806007, 1520530775.466023921
59, 1520530775.465909957, 1520530775.466088056
59, 1520530775.465987920, 1520530775.466232061
59, 1520530775.466114997, 1520530775.466290950
59, 1520530775.466212987, 1520530775.466375112
59, 1520530775.466329097, 1520530775.466566085
59, 1520530775.466449975, 1520530775.466633081
59, 1520530775.466546058, 1520530775.466717004
59, 1520530775.466645956, 1520530775.466855049
59, 1520530775.466764926, 1520530775.466984987
60, 1520530775.466900110, 1520530775.467025041
60, 1520530775.467015981, 1520530775.467205047
60, 1520530775.467109918, 1520530775.467341899
60, 1520530775.467246055, 1520530775.467485904
60, 1520530775.467371940, 1520530775.467559099
60, 1520530775.467475891, 1520530775.467684030
60, 1520530775.467602968, 1520530775.467901945
60, 1520530775.467725038, 1520530775.467941999
60, 1520530775.467797040, 1520530775.468019008
60, 1520530775.467917919, 1520530775.468236923
60, 1520530775.468040943, 1520530775.468276023
61, 1520530775.468137979, 1520530775.468313932
61, 1520530775.468287944, 1520530775.468486070
61, 1520530775.468396902, 1520530775.468621969
61, 1520530775.468533992, 1520530775.468718051
61, 1520530775.468684911, 1520530775.468916893
61, 1520530775.468785047, 1520530775.468985080
61, 1520530775.468883991, 1520530775.469053030
61, 1520530775.468960046, 1520530775.469093084
61, 1520530775.469089031, 1520530775.469257116
61, 1520530775.469177961, 1520530775.469489097
61, 1520530775.469307899, 1520530775.469528913
62, 1520530775.469429969, 1520530775.469706058
62, 1520530775.469516038, 1520530775.469746112
62, 1520530775.469597101, 1520530775.469784021
62, 1520530775.469679117, 1520530775.469929933
62, 1520530775.469816923, 1520530775.470026016
62, 1520530775.469930887, 1520530775.470158100
62, 1520530775.470072984, 1520530775.470343112
62, 1520530775.470201015, 1520530775.470381975
62, 1520530775.470349073, 1520530775.470570087
62, 1520530775.470463991, 1520530775.470861911
62, 1520530775.470561027, 1520530775.470962047
63, 1520530775.470633029, 1520530775.471005916
63, 1520530775.470714092, 1520530775.471048116
63, 1520530775.470835924, 1520530775.471086025
63, 1520530775.470959901, 1520530775.471179008
63, 1520530775.471088886, 1520530775.471313953
63, 1520530775.471237897, 1520530775.471420049
63, 1520530775.471332073, 1520530775.471621036
63, 1520530775.471424102, 1520530775.471720933
63, 1520530775.471514940, 1520530775.471879959
63, 1520530775.471636056, 1520530775.471924066
63, 1520530775.471755027, 1520530775.471961975
64, 1520530775.471915960, 1520530775.472059011
64, 1520530775.472043037, 1520530775.472163915
64, 1520530775.472152948, 1520530775.472459077
64, 1520530775.472259044, 1520530775.472498893
64, 1520530775.472349882, 1520530775.472614049
64, 1520530775.472489118, 1520530775.472717046
64, 1520530775.472639083, 1520530775.472806930
64, 1520530775.472774982, 1520530775.472923994
64, 1520530775.472893953, 1520530775.473104953
64, 1520530775.473001003, 1520530775.473144054
64, 1520530775.473104000, 1520530775.473304986
65, 1520530775.473217010, 1520530775.473376989
65, 1520530775.473304986, 1520530775.473490953
65, 1520530775.473417043, 1520530775.473632097
65, 1520530775.473545074, 1520530775.473690986
65, 1520530775.473663091, 1520530775.473818063
65, 1520530775.473784923, 1520530775.473967075
65, 1520530775.473860025, 1520530775.474045991
65, 1520530775.473973989, 1520530775.474107027
65, 1520530775.474087953, 1520530775.474225997
65, 1520530775.474205017, 1520530775.474358081
65, 1520530775.474298954, 1520530775.474463939
66, 1520530775.474445104, 1520530775.474579095
66, 1520530775.474548101, 1520530775.474714040
66, 1520530775.474627017, 1520530775.474828004
66, 1520530775.474759101, 1520530775.474936962
66, 1520530775.474937915, 1520530775.475092887
66, 1520530775.475020885, 1520530775.475229978
66, 1520530775.475152015, 1520530775.475322961
66, 1520530775.475295066, 1520530775.475480079
66, 1520530775.475362062, 1520530775.475564002
66, 1520530775.475536108, 1520530775.475725889
66, 1520530775.475652933, 1520530775.475819110
67, 1520530775.475809097, 1520530775.475954055
67, 1520530775.475923061, 1520530775.476095914
67, 1520530775.476067066, 1520530775.476255893
67, 1520530775.476155996, 1520530775.476322889
67, 1520530775.476294994, 1520530775.476511001
67, 1520530775.476422071, 1520530775.476552009
67, 1520530775.476548910, 1520530775.476706027
67, 1520530775.476695060, 1520530775.476835012
67, 1520530775.476819038, 1520530775.476983070
67, 1520530775.476969957, 1520530775.477188110
67, 1520530775.477072000, 1520530775.477262020
68, 1520530775.477245092, 1520530775.477399110
68, 1520530775.477370023, 1520530775.477591037
68, 1520530775.477507114, 1520530775.477766990
68, 1520530775.477597951, 1520530775.477806091
68, 1520530775.477679967, 1520530775.477895975
68, 1520530775.477802991, 1520530775.478030920
68, 1520530775.477929115, 1520530775.478183031
68, 1520530775.478055953, 1520530775.478245019
68, 1520530775.478182077, 1520530775.478312969
68, 1520530775.478285074, 1520530775.478450059
68, 1520530775.478421926, 1520530775.478559970
69, 1520530775.478543043, 1520530775.478692054
69, 1520530775.478663921, 1520530775.478838920
69, 1520530775.478739976, 1520530775.478959083
69, 1520530775.478838920, 1520530775.478998899
69, 1520530775.478976011, 1520530775.479110002
69, 1520530775.479083061, 1520530775.479255914
69, 1520530775.479228019, 1520530775.479362964
69, 1520530775.479336023, 1520530775.479490041
69, 1520530775.479463100, 1520530775.479636907
69, 1520530775.479609966, 1520530775.479861021
69, 1520530775.479739904, 1520530775.479974985
70, 1520530775.479865074, 1520530775.480041027
70, 1520530775.480012893, 1520530775.480266094
70, 1520530775.480153083, 1520530775.480305910
70, 1520530775.480284929, 1520530775.480442047
70, 1520530775.480431079, 1520530775.480581045
70, 1520530775.480552911, 1520530775.480782032
70, 1520530775.480674982, 1520530775.480820894
70, 1520530775.480788946, 1520530775.480910062
70, 1520530775.480881929, 1520530775.481045961
70, 1520530775.481018066, 1520530775.481271028
70, 1520530775.481081962, 1520530775.481323003
71, 1520530775.481174945, 1520530775.481362104
71, 1520530775.481256961, 1520530775.481443881
71, 1520530775.481415033, 1520530775.481575965
71, 1520530775.481570959, 1520530775.481762886
71, 1520530775.481659889, 1520530775.481801986
71, 1520530775.481767892, 1520530775.481905937
71, 1520530775.481889963, 1520530775.482029914
71, 1520530775.482033967, 1520530775.482142925
71, 1520530775.482137918, 1520530775.482256889
71, 1520530775.482261896, 1520530775.482379913
71, 1520530775.482378959, 1520530775.482600927
72, 1520530775.482489109, 1520530775.482718944
72, 1520530775.482601881, 1520530775.482757091
72, 1520530775.482728004, 1520530775.482824087
72, 1520530775.482814073, 1520530775.482961893
72, 1520530775.482950925, 1520530775.483143091
72, 1520530775.483026981, 1520530775.483197927
72, 1520530775.483149051, 1520530775.483287096
72, 1520530775.483269929, 1520530775.483390092
72, 1520530775.483422040, 1520530775.483563899
72, 1520530775.483555078, 1520530775.483695030
72, 1520530775.483685970, 1520530775.483915090
73, 1520530775.483791112, 1520530775.483979940
73, 1520530775.483938932, 1520530775.484074115
73, 1520530775.484045028, 1520530775.484169006
73, 1520530775.484174966, 1520530775.484364986
73, 1520530775.484262943, 1520530775.484494924
73, 1520530775.484399080, 1520530775.484559059
73, 1520530775.484528064, 1520530775.484702110
73, 1520530775.484695911, 1520530775.484837055
73, 1520530775.484850883, 1520530775.484978914
73, 1520530775.484992980, 1520530775.485126018
73, 1520530775.485110044, 1520530775.485364913
74, 1520530775.485240936, 1520530775.485424041
74, 1520530775.485378026, 1520530775.485554933
74, 1520530775.485512971, 1520530775.485658884
74, 1520530775.485680103, 1520530775.485805034
74, 1520530775.485780954, 1520530775.485945940
74, 1520530775.485935926, 1520530775.486151933
74, 1520530775.486031055, 1520530775.486290931
74, 1520530775.486180067, 1520530775.486342906
74, 1520530775.486326932, 1520530775.486510992
74, 1520530775.486430883, 1520530775.486568927
74, 1520530775.486565113, 1520530775.486707925
75, 1520530775.486716032, 1520530775.486854076
75, 1520530775.486843109, 1520530775.486998081
75, 1520530775.486984014, 1520530775.487268924
75, 1520530775.487088918, 1520530775.487334012
75, 1520530775.487189054, 1520530775.487390041
75, 1520530775.487344980, 1520530775.487493038
75, 1520530775.487483024, 1520530775.487720966
75, 1520530775.487576961, 1520530775.487785100
75, 1520530775.487699031, 1520530775.487839937
75, 1520530775.487828969, 1520530775.487948894
75, 1520530775.487974882, 1520530775.488101005
76, 1520530775.488106966, 1520530775.488464117
76, 1520530775.488231897, 1520530775.488523006
76, 1520530775.488339900, 1520530775.488586902
76, 1520530775.488482952, 1520530775.488641977
76, 1520530775.488619089, 1520530775.488746881
76, 1520530775.488744974, 1520530775.488867998
76, 1520530775.488866090, 1520530775.489011049
76, 1520530775.488992929, 1520530775.489185094
76, 1520530775.489089012, 1520530775.489253997
76, 1520530775.489245891, 1520530775.489502906
76, 1520530775.489376068, 1520530775.489579916
77, 1520530775.489495992, 1520530775.489875078
77, 1520530775.489581108, 1520530775.489940881
77, 1520530775.489692926, 1520530775.489995002
77, 1520530775.489793062, 1520530775.490102052
77, 1520530775.489933013, 1520530775.490170001
77, 1520530775.490025997, 1520530775.490226030
77, 1520530775.490164995, 1520530775.490314006
77, 1520530775.490291118, 1520530775.490482091
77, 1520530775.490386009, 1520530775.490542888
77, 1520530775.490518093, 1520530775.490678071
77, 1520530775.490665912, 1520530775.490865945
78, 1520530775.490772008, 1520530775.490959882
78, 1520530775.490959882, 1520530775.491092920
78, 1520530775.491081953, 1520530775.491226911
78, 1520530775.491224050, 1520530775.491375923
78, 1520530775.491358995, 1520530775.491494894
78, 1520530775.491501092, 1520530775.491691112
78, 1520530775.491616010, 1520530775.491780996
78, 1520530775.491795063, 1520530775.491930961
78, 1520530775.491909980, 1520530775.492027044
78, 1520530775.492058038, 1520530775.492181062
78, 1520530775.492171049, 1520530775.492322921
79, 1520530775.492302894, 1520530775.492454051
79, 1520530775.492449045, 1520530775.492587089
79, 1520530775.492598056, 1520530775.492728948
79, 1520530775.492733955, 1520530775.492872953
79, 1520530775.492866992, 1520530775.493082046
79, 1520530775.492959976, 1520530775.493221044
79, 1520530775.493108034, 1520530775.493282079
79, 1520530775.493249893, 1520530775.493386983
79, 1520530775.493371009, 1520530775.493558883
79, 1520530775.493463993, 1520530775.493622064
79, 1520530775.493628025, 1520530775.493858098
80, 1520530775.493742942, 1520530775.493980884
80, 1520530775.493866920, 1520530775.494075059
80, 1520530775.493958950, 1520530775.494132041
80, 1520530775.494097948, 1520530775.494266986
80, 1520530775.494249105, 1520530775.494406938
80, 1520530775.494410037, 1520530775.494529962
80, 1520530775.494518995, 1520530775.494635105
80, 1520530775.494643926, 1520530775.494781970
80, 1520530775.494787931, 1520530775.494915962
80, 1520530775.494894027, 1520530775.495009899
80, 1520530775.495017051, 1520530775.495151996
81, 1520530775.495131969, 1520530775.495311021
81, 1520530775.495219945, 1520530775.495407104
81, 1520530775.495390892, 1520530775.495501995
81, 1520530775.495491981, 1520530775.495616912
81, 1520530775.495637893, 1520530775.495774030
81, 1520530775.495780944, 1520530775.495923995
81, 1520530775.495920896, 1520530775.496124029
81, 1520530775.496015071, 1520530775.496181964
81, 1520530775.496164083, 1520530775.496303081
81, 1520530775.496315002, 1520530775.496439933
81, 1520530775.496411085, 1520530775.496546983
82, 1520530775.496551990, 1520530775.496675968
82, 1520530775.496665954, 1520530775.496920108
82, 1520530775.496802091, 1520530775.496979951
82, 1520530775.496911048, 1520530775.497041940
82, 1520530775.497051954, 1520530775.497189998
82, 1520530775.497176885, 1520530775.497315883
82, 1520530775.497313022, 1520530775.497433900
82, 1520530775.497428894, 1520530775.497582912
82, 1520530775.497596979, 1520530775.497776031
82, 1520530775.497699975, 1520530775.497872114
82, 1520530775.497843027, 1520530775.498007059
83, 1520530775.498012065, 1520530775.498815059
83, 1520530775.498871088, 1520530775.499099969
83, 1520530775.499017000, 1520530775.499188899
83, 1520530775.499166011, 1520530775.499275922
83, 1520530775.499294996, 1520530775.499401092
83, 1520530775.499382019, 1520530775.499526977
83, 1520530775.499521017, 1520530775.499660968
83, 1520530775.499641895, 1520530775.499844074
83, 1520530775.499748945, 1520530775.499882936
83, 1520530775.499874114, 1520530775.500005960
83, 1520530775.500004053, 1520530775.500129938
84, 1520530775.500124931, 1520530775.500248908
84, 1520530775.500245094, 1520530775.500349998
84, 1520530775.500363111, 1520530775.500576019
84, 1520530775.500467061, 1520530775.500756025
84, 1520530775.500554084, 1520530775.500794887
84, 1520530775.500649929, 1520530775.500955104
84, 1520530775.500777959, 1520530775.501015901
84, 1520530775.500859975, 1520530775.501085042
84, 1520530775.500956058, 1520530775.501142024
84, 1520530775.501069068, 1520530775.501202106
84, 1520530775.501185894, 1520530775.501329898
85, 1520530775.501337051, 1520530775.501451015
85, 1520530775.501451969, 1520530775.501646995
85, 1520530775.501540899, 1520530775.501708984
85, 1520530775.501710891, 1520530775.501846075
85, 1520530775.501842021, 1520530775.501988887
85, 1520530775.501962900, 1520530775.502125978
85, 1520530775.502146005, 1520530775.502265930
85, 1520530775.502242088, 1520530775.502398014
85, 1520530775.502377033, 1520530775.502525091
85, 1520530775.502520084, 1520530775.502661943
85, 1520530775.502655982, 1520530775.502796888
86, 1520530775.502785921, 1520530775.502945899
86, 1520530775.502947092, 1520530775.503076076
86, 1520530775.503077983, 1520530775.503213882
86, 1520530775.503206968, 1520530775.503356933
86, 1520530775.503333091, 1520530775.503451108
86, 1520530775.503468990, 1520530775.503602027
86, 1520530775.503598928, 1520530775.503743886
86, 1520530775.503720998, 1520530775.503833055
86, 1520530775.503824949, 1520530775.503989934
86, 1520530775.503995895, 1520530775.504134893
86, 1520530775.504112005, 1520530775.504260063
87, 1520530775.504282951, 1520530775.504417896
87, 1520530775.504432916, 1520530775.504549980
87, 1520530775.504555940, 1520530775.504698991
87, 1520530775.504693984, 1520530775.504910945
87, 1520530775.504810094, 1520530775.505052089
87, 1520530775.504976987, 1520530775.505158901
87, 1520530775.505121946, 1520530775.505307912
87, 1520530775.505213975, 1520530775.505372047
87, 1520530775.505342960, 1520530775.505487918
87, 1520530775.505469083, 1520530775.505739927
87, 1520530775.505625963, 1520530775.505800962
88, 1520530775.505772113, 1520530775.505904912
88, 1520530775.505839109, 1520530775.506107091
88, 1520530775.505965948, 1520530775.506148099
88, 1520530775.506112098, 1520530775.506306886
88, 1520530775.506222009, 1520530775.506402015
88, 1520530775.506380081, 1520530775.506588935
88, 1520530775.506501913, 1520530775.506808042
88, 1520530775.506633996, 1520530775.506848096
88, 1520530775.506724119, 1520530775.506917953
88, 1520530775.506889104, 1520530775.507050991
88, 1520530775.507013082, 1520530775.507235050
89, 1520530775.507138013, 1520530775.507347106
89, 1520530775.507318019, 1520530775.507563114
89, 1520530775.507416963, 1520530775.507617950
89, 1520530775.507539033, 1520530775.507710933
89, 1520530775.507673978, 1520530775.507945060
89, 1520530775.507795095, 1520530775.508019924
89, 1520530775.507946968, 1520530775.508168935
89, 1520530775.508076906, 1520530775.508236885
89, 1520530775.508152961, 1520530775.508429050
89, 1520530775.508285999, 1520530775.508481025
89, 1520530775.508394002, 1520530775.508604049
90, 1520530775.508506059, 1520530775.508681058
90, 1520530775.508650064, 1520530775.508836984
90, 1520530775.508801937, 1520530775.509025096
90, 1520530775.508902072, 1520530775.509104967
90, 1520530775.509026050, 1520530775.509166955
90, 1520530775.509097099, 1520530775.509321928
90, 1520530775.509254932, 1520530775.509474992
90, 1520530775.509382009, 1520530775.509582042
90, 1520530775.509502887, 1520530775.509713888
90, 1520530775.509629964, 1520530775.509804964
90, 1520530775.509769916, 1520530775.509952068
91, 1520530775.509855031, 1520530775.510059118
91, 1520530775.509948968, 1520530775.510190963
91, 1520530775.510049104, 1520530775.510283946
91, 1520530775.510158061, 1520530775.510375976
91, 1520530775.510276079, 1520530775.510535955
91, 1520530775.510416030, 1520530775.510627985
91, 1520530775.510540962, 1520530775.510710000
91, 1520530775.510672092, 1520530775.510884046
91, 1520530775.510761976, 1520530775.510960102
91, 1520530775.510885953, 1520530775.511075019
91, 1520530775.511012077, 1520530775.511240005
92, 1520530775.511140108, 1520530775.511338949
92, 1520530775.511241912, 1520530775.511467933
92, 1520530775.511359930, 1520530775.511514902
92, 1520530775.511451959, 1520530775.511631011
92, 1520530775.511594057, 1520530775.511785984
92, 1520530775.511712074, 1520530775.511940956
92, 1520530775.511854887, 1520530775.512075901
92, 1520530775.511971950, 1520530775.512182950
92, 1520530775.512109994, 1520530775.512303113
92, 1520530775.512267112, 1520530775.512490987
92, 1520530775.512361049, 1520530775.512603044
93, 1520530775.512514114, 1520530775.512712001
93, 1520530775.512622117, 1520530775.512836933
93, 1520530775.512768983, 1520530775.512962102
93, 1520530775.512943983, 1520530775.513104915
93, 1520530775.513070106, 1520530775.513257026
93, 1520530775.513220071, 1520530775.513395071
93, 1520530775.513366937, 1520530775.513550043
93, 1520530775.513521909, 1520530775.513710975
93, 1520530775.513622999, 1520530775.513840913
93, 1520530775.513741016, 1520530775.513912916
93, 1520530775.513890981, 1520530775.514038085
94, 1520530775.514046907, 1520530775.514231920
94, 1520530775.514161109, 1520530775.514309883
94, 1520530775.514297008, 1520530775.514453887
94, 1520530775.514420986, 1520530775.514563083
94, 1520530775.514534950, 1520530775.514692068
94, 1520530775.514657020, 1520530775.514827966
94, 1520530775.514791965, 1520530775.514964103
94, 1520530775.514942884, 1520530775.515125989
94, 1520530775.515096902, 1520530775.515202045
94, 1520530775.515185117, 1520530775.515381097
94, 1520530775.515291929, 1520530775.515470981
95, 1520530775.515481948, 1520530775.515701055
95, 1520530775.515579938, 1520530775.515758991
95, 1520530775.515716075, 1520530775.515897989
95, 15